334 876 779 455 992 303 952 704  37 928 121 822 397 512 819 234 827  70
 980  85 247 744   9 637 953 232  63 245 997 988  97 200 317 581  43 875
 801 538 675 235 176 626 942 309 297  28 289 363 394 910 901 662 237  30
 474 149 310 599  94  54 790 702 574 522 848 487 280 322 167 841 700 184
 949  44 203 565 115 718 147 179 679 914 858 312 624 470 809 476 571 727
 584 524 451 838 407 414  89 441 281 734 783 429 344 946 440 517 587 725
 900 272 156 658 288 370 590 212 337 933  73 248 888 461 491 922  95 445
 682 869 315  98 190 314 438  84 710 227 561 453 821 895 553 284 699  17
 336 403 222 271 955 430 652 963 523 788 163 254 764 417 887 810 506 439
 324  86 687 217 719 613 859 641 294 172 142 826 539   5 973 198 242 210
 205 287 346  79 495 748 603 446 830 894 795 390 958 195 460  67 169 131
 122 762 673 282 986 602 681 577 908 844   8 984 263 118 835 259 431 629
 362 186 568 527 536 253 541 275 643 655 364 714 861 162 632  32 427 720
 277 937 326 367 231 656 274 261 644 649 493 526 542 925 691 852 917 508
 730 123 268 384 304 375 518 591 216 185 948 746 267 218 782 555 154 761
 940 891 747 698 349  47  50 241 392 199  27 270  65 444 174 845 389 750
 680 230 140 236 892  66 998 145 442 763 881 757  83 505 862 521 913 934
 726 752 365 755 494 202 661 415 745 609 170 872 781 408 667 320 102 979
 339 103 158 738 711 806 816 647 751 960 854 575 412 135 756 100 850 970
 833 516 813 619 659 890 368 399 723 379 793 181 696 975 668 996 382 501
  12 863 749  14 961 376  35 920 557  22 108 316 161 697 634 345 576 803
 250 424 469 608 388  18 132 519 954  26 306 701  53 129 638 146 904 941
 939 968 106 477  46 257 173 926  16 616 273 484  29 472 514 765 535 559
 338 817 278 381 465 125  74 290 583 141 956 357 513 258 786 450 215 355
 374 716  72 120 987 780 770 473 692  58 572 191 855 705 707 690  48  61
 211 188 823 595 549 159 999 829 880 769 124   6 293 918 601 466 220 877
 760 201 807 820 674 916 832 112 722 607 729 377 353 564 654 404 739  87
 160 651 977 825 295 530 767 812 391 811 246 540 839 183 989 323 645  69
  92  81 464 545 798 703 321  93 573  57 921 650  96  25 104 107 300 348
 759 789  62 395 642 286 459 333 209 244 547 479 499 585 686 885 814   0
 433 721 683   2 935 976 126 354  21 157 428 343 944 982 676 436 435 728
 471 648 639 413 401 672 331 936 906 857 635 853 481  99 563 775 623 454
 589 109 238 329 206  10   4 664 567 905 265 371 912 448 136 981 434 372
 144 504 873 411 560 670 544 155 631 657 991 592 325 534 818 840 554 740
 735 685 110 307 486 409 951 221 177 898 114 994 579 878 618 930 828 600
  52 785 488 796 804 865 778 182 562 582 938 911 966 243  40 962 558 893
 712  88 458 137  59 620 677 636  13 929 870 856 335 127 773 420 507 931
 533 208 130 923 497 168 758 566  31 360 416 815 251  91 151 356   3  76
 386 899  11 213 252 207 219 301 964 889 907 492 425 262 515 319 313 671
 537 178 669 511 463 967 480 597 886 713 327 311 660 150 866 784 419 709
 396 884 503 291 742  51 264 418  60 449 741 164 995 846 593 260 774  39
 615 653 426  24 490 874 646  75 423 383 768 296 528 588 483 882 943 468
 475 753 361 347 180 772 148 462 214  36 843 489 405  23 733 498 868 299
 791  38 387  34 550 927 298 330 369 633 797 224 328 552 802 305 548 909
 285 836 111 754 165 342 197 194 665 694 993 971 432  55 153 678 777 717
 226 233 187 239 919 596 883 715  77 972 422 959 896 732  68  41 502 586
 366 957 867 279 693 166 101 443 485 766 117 932  90 266 406 611 551   7
 594 614 105 398 276  71  82 193 543 847 689  19 410 604 903 134 965 706
 529 897 359 358 771  20 378 800 736 152 385 269 598 500 302 570 283 546
 196 531 116 192 119 625 510 143 255 478 824 139 229 743 684 864 256  45
 138 605  80 724 292 228 189 225 945 402 532 985 352 175 612 776 341 805
 831 308 373 617 509 520 915 663 457 990 787 640 837  56 578 447 834 860
 731 688  42 171 737 794  15 525 879 340 978 332 128 467  33 350 113 452
 950 380 695 482 421 627 628 924 792 851 496 240 871 204 969 947 580 630
 799 610 351 393 621 666 606 223  49 902  78 622 437 133 983 400   1 708
 318 569 842  64 556 808 974 249 849 456
