808 342 860 528 604 926 972 463 586 452 691 499 741 610 264 403 940 916
 468 436 875 513 396 776 362 825 127 228 108 726 797 884 996 750 919 701
 978 736 936 802 955  86 567 292 449 524 878  72 612 263  34 702 873 165
 738 274 885 136 921 157 508 411 634 105 621 395 837 216 862 502 855 202
 359  81 421 777 662 215 257 755 546 126 695 963  98 214 504 145 707 627
  30 976  28 173 459 256 929 693  25 540  22 369 177 994  97 941 556 911
 266 458 649 648 186 708  43 357 689 322 879 670 267 761 290 638 981 566
 535 434 880 966 866  75 613 505 178 164 684 974 979 661 277 417 212 113
 146 732 530  53 246 982 495 516 907 835 569 217 269 887 229 497 278 759
 163 746 104 242 559 450 210 892 922 805 344 160 404 330 331  68 388 297
 327 742 132 630 549  95 853 697 114 323  23 673 909 420  42 158 800  36
  32 454  73 103  41 581 487 101 175 642 657 683   6 767 660 969 655 672
  48 533 437 944  14 935 329  74 795  66 942 122 386 647 166 174 153 988
 252 554 743  26 727  60 574 946 109 515 470  57 130 279 234 680 572 651
 628 614 189 740 619 664 384 947 617  94 358 948 196 900 271 398 769 224
 779 654 430 135 908 522 464 407 810 232 472 140 737 199 703 170 313 191
 906 785 636 989 888 218 298 124 852 971 293  85 306 475 456 990 959 894
 200 765 219 804 973 786 167   3 733 371  20 285 287 588  87 496 977 720
 467 840 700 389 319 543 722 679  76  83 503 536  89 704 602 308 725  37
 872 118 931 442 967 582 663 857 871 747 843 370 149 465 276 623 419  50
 945 500 552 764 253 441 302 798 775 341 445  51 864 699 819   0 531 640
  16 975 889 382 992 532 687 688 601 905 182 304 161  11  58 631 326  31
 280 377 324 100 462 498 188 570 507 801 578 203 156 374 781 205 709 780
 910 544 571 652 563  84 954 632 752 168 506 354 453 520  15 131 193 204
 141 943 710 159  33  38 607 668 997 195 721 568 333 763 674 142 425 770
 927 645 562 328 584 841 410 985 309 538 226 424 312 255  80 397 355 863
 849 920 471 314 758 321 284 514 265 289 560 473 828 305 102 696 183 930
 211 577 481 356 773 730 440 414 799 859 220 813 596 180 346  90 235 433
 435 870 754  93 896 787 551 137 899 378 598 565 478  96 383 393 833 987
 541 667 671  45 223 666 474 749 914 360 402 349 923 714 809 510  61 401
 794 209 806 629 381 288 993 291 247 960 748 350  40 579 179 611  10  39
 635 416 724  78 694 698 984 258 325   4 778 303 756 744 457 299 392 460
 650 826  24 237 315 281 820 842 347 774 881  77 318 745  69 283 431 677
 716 119 485 542 311 934  52 169 408 917 493 877 338 957 605 970 998 115
 951 268 240 250 244 147 296 501 938 364 791 830 423 190 353 678 275 294
 106 771  64 718 307 181 409 208 197 792  27 829  88 564   9 107  59 625
 519  55 925 482 867 368 712 913 681 525 521 766 753 446 139 882 845 676
 600 622 112 615 518 848 620 512 789 723 782 858 796 373 477 526 928 418
 838 834 300 260 814 846 895 366 476  17  67  18 639  54 961 952 653 523
 286 850  62 715 261 272 451 856 883 557 731 365 270 847 592 953 332 273
  35 484 783 529 151 405 236 646 262 713 427 406 591  46 241 447 207 893
 206 249 757 861 811 576  47 511 375  71 839 391 890 238 194 172 387 390
 537 222 144 865  21 719 803 986 937   5 336 432 231 956 490 316 367 686
 351 897 317 150 685 729 821 439 558 912 494 361 340  79 483 138 633 295
 245 768 784 609 233 964 904 133 608 185 110 517 492 488 120 123 665 438
 762 553  65 690  49 534 760 221  12 594  29 225 898 618 717 412 644 509
 337 129 590 606 134 626 812 844 915 932 379 886 962  19 593 836 555 335
 816 455  92 539 950 380 527 422 995 583 854 486 788  70 918  63 751 705
 711 348 548 822 171 469 117 869 198 958 443 310 448 187 545 595 339 162
 121 176 413 363 192 832 823 790 248 656 924 352 983 213 415 891 480 851
 479 282  82 444 400 154 735 587 597 376 573 818 345 426 903 682 428 561
 658 148 637 301 831 125 616 372 641 243 429 876 152 184 230  13 461 980
 968 201 933 793 901   7 669 399 589 128 949 874 706   1   2 817   8  56
 728 999 772 868  99 580 643 491 259 550 734 807 320 965  91 394 227  44
 815 489 155 251 585 385 624 343 254 603 599 902 334 659 575 116 827 111
 739 991 824 547 239 939 675 466 692 143
